100000000
011010010
000011101
000110100
010010111
000000010
001000101
010101001
000110011
010101111
000011011
001110010
000100000
010000101
001000001
000101000
001101011
010001111
001001100
010111100
001010111
000001011
001101000
001010010
001011011
000001101
010111111
000010100
001001010
001101010
010110011
000111010
011001100
011000010
001010111
000111011
010110101
001101000
011110001
010100111
000011010
011000111
010110010
000011011
000110100
011101110
000110100
000001010
010001010
000000001
010010011
001110010
011011000
010010111
000001101
010110000
000100000
011110001
000001001
010110100
011000100
010110011
001100101
011100100
001111000
010011101
000100001
011010101
001110010
011101011
011000101
000110111
000100100
000011100
000111001
000111000
000111000
001110010
001001111
011010001
010010110
011011111
010111100
010110011
011011010
000100010
000100000
001110101
001001010
010101011
000111011
000110101
010011100
010011100
011111110
011111101
010111001
011010100
001011101
000100101
