1111110110011001
0011100011111001
0000000111010000
0000001101000000
0000100101110000
0000000000100000
0000010001010000
0000111100101111
0000001100110000
0001001001001111
0000000110110000
0000011100100000
0000001000000000
0000100001010000
0000010000010000
0000001010000000
0000011010110000
0000100011110000
0000010011000000
0001101111100000
0000010101110000
0000000010110000
0000011010000000
0000010100100000
0000010110110000
0000000011010000
0001111100100110
0000000101000000
0000010010100000
0000011010100000
0001010100000000
0000001110100000
0010111110000000
0010001001101100
0000010101110000
0000001110110000
0001011010000010
0000011010000000
1001110111001011
0000111000100101
0000000110100000
0010011111100001
0001010000111111
0000000110110000
0000001101000000
1000111101101111
0000001101000000
0000000010100000
0000100010100000
0000000000010000
0000100100110000
0000011100100000
0100011001010101
0000100101110000
0000000011010000
0001001011010100
0000001000000000
1001110111001011
0000000010010000
0001010111000001
0010010010011011
0001010100000000
0000011001010000
0110011110110101
0000011110000000
0000101001000111
0000001000010000
0011111101111001
0000011100100000
1000000100010010
0010010110110010
0000001101110000
0000001001000000
0000000111000000
0000001110010000
0000001110000000
0000001110000000
0000011100100000
0000010011110000
0011011101100101
0000100101100000
0101011100101100
0001101111100000
0001010100000000
0100101011100111
0000001000100000
0000001000000000
0000011101010000
0000010010100000
0001000000111010
0000001110110000
0000001101010000
0000100111101011
0000100111101011
1110111110110111
1110100011000111
0001100110000110
0011110100110000
0000010111010000
0000001001010000
